1300
1318
1440
1440
1447
1487
1690
1837
2019
2086
2111
2136
2146
2176
2176
2176
2176
2410
2504
2504
2620
2663
2817
2817
2884
2968
2991
2991
3026
3105
3221
3231
3243
3452
3735
3735
3813
3835
3835
3980
4029
4060
4060
4087
4093
4240
4240
4242
4331
4331
4430
4503
4503
4510
4510
4517
4517
4611
4611
4611
4640
4640
4674
4678
4682
4699
4723
4739
4839
4839
5047
5047
5071
5071
5072
5073
5180
5606
5619
5619
5680
5786
5959
5959
6066
6066
6310
6502
6502
6547
6547
6565
6669
6669
6682
6682
7067
7163
7163
7228
7241
7241
7267
7647
7875
7977
8007
8133
8215
8215
8215
8245
8253
8264
8264
8455
8479
8543
8543
8549
8549
8762
8762
8789
8796
9217
9217
9302
9774
9778
9850
9899
10002
10035
10187
10484
10484
10507
10507
10793
10795
10795
10795
10884
10884
10884
10884
10884
10983
10983
10984
10984
11060
11259
11446
11636
11687
11818
11856
11856
11861
11923
12124
12673
12886
12886
12886
12886
12886
12978
13041
13700
14140
14172
14623
14738
14894
14934
15181
15504
15509
15576
15627
15634
15634
15929
17233
17233
17828
18043
18043
18597
18636
19416
19565
20779
21825
22260
24800
24856
25340
25405
27786
27980
28194
28216
28216
28216
28272
28838
28930
28930
28930
28930
29613
29830
29984
30990
31037
60979
61489
61739
64967
64967
65576
109683
113419
114524
114628
116245
126814
133768
142953
144066
144496
144496
144496
144496
145046
145701
149337
156155
161966
163920
166451
177376
179132
179621
179657
209382
212340
241216
241637
252940
