31989
28711
31989
28711
116
32135
32135
21645
21645
21645
21645
21645
21645
21645
20260
20260
20260
20057
53687
53687
53687
53687
21398
21398
21398
21398
21398
21398
21398
21398
21398
21398
21398
21398
21398
20077
90
90
90
90
90
137
21645
21645
53204
53204
53204
53204
53204
20203
20203
7
7
7
45709
29908
20333
20333
20333
20333
20333
20333
20333
20333
20333
20333
20333
20333
20333
20333
20333
20333
20333
20333
3151
3151
3151
3151
3151
3151
3151
3151
3151
3151
3151
3151
20265
12784
20269
20269
20269
20269
20269
20269
20269
20269
20269
20269
20269
20269
20269
20269
20269
20269
20269
20269
20269
20269
20269
20269
20269
20269
20269
20269
20269
20269
20269
20277
16024
20277
20436
20282
20436
20282
20436
20282
20436
20282
20436
20282
20436
20282
20436
20282
20436
20282
20269
20284
20290
21645
540
540
20333
26084
37665
20384
20384
20384
30513
30513
30513
30513
20408
20408
20408
20408
11937
20440
22568
1103
10486
20483
20483
20483
20483
20483
20483
20483
20483
20483
20483
20483
20483
20483
20483
20483
20483
20483
20483
20483
20483
20483
20483
20483
20483
20483
20483
20483
20483
20483
20483
20483
20483
20483
20483
20483
20483
20483
20483
20483
20483
20483
20483
20483
20483
20483
20483
20483
20483
20483
20483
20483
20483
20483
20483
20483
20483
20483
20483
20483
20483
20483
20483
20483
20483
20483
20483
20483
20483
20483
20483
20483
20483
20483
20483
20483
20483
20483
20483
20483
20483
20483
20483
20483
20483
20483
20483
55006
55006
6996
53667
22983
53696
1261
21963
21401
23504
21793
23504
21793
34849
44612
42125
42125
42125
42125
42125
42125
42125
42125
42125
42125
42125
11559
11559
11559
11559
11559
34898
34898
20557
20566
20566
20566
9424
9424
42291
42291
42291
42291
42291
42291
42291
42291
42291
42291
42291
42291
42291
42291
35222
35222
52396
20587
20587
52396
20592
56027
56027
20606
20606
56027
20681
20608
20608
20608
20608
20608
20608
20662
16285
20646
20678
20678
20684
20684
1741
1741
1741
16060
5259
2093
20750
20750
20750
20750
20750
20750
20750
20750
5440
53687
53687
53687
31975
20792
20792
20792
20792
20792
20792
20798
20798
20798
53687
53554
39140
21640
11300
11300
11300
1973
35048
35048
35048
35048
35048
35048
35048
35048
35048
35048
35048
35048
35048
35048
35048
35048
35048
35048
35048
35048
35048
35048
35048
35048
35048
35048
35048
35048
20792
35048
35048
35048
35048
35048
35048
35048
35048
35048
35048
35048
35048
35048
35048
35048
35048
35048
28996
35048
35048
35048
35048
35048
35048
35048
35048
35048
35048
35048
35048
35048
35048
35048
35048
35048
35048
35048
35048
35048
35048
35048
35048
35048
35048
35048
35048
35048
35048
35048
35048
35048
35048
35048
35048
35048
35048
35048
35048
35048
35048
35048
35048
35048
35048
35048
35048
35048
35048
35048
35048
35048
35048
35048
35048
35048
35048
35048
35048
35048
35048
35048
35048
35048
35048
35048
35048
35048
35048
35048
35048
35048
35048
35048
35048
35048
35048
35048
35048
35048
35048
35048
35048
35048
35048
35048
35048
35048
35048
35048
35048
35048
35048
35048
35048
35048
35048
35048
35048
35048
35048
35048
35048
35048
35048
35048
35048
35048
35048
35048
35048
35048
35048
35048
35048
35048
35048
35048
35048
35048
35048
35048
35048
35048
35048
35048
35048
35048
35048
35048
35048
35048
35048
35048
35048
35048
35048
35048
35048
35048
35048
35048
35048
35048
35048
35048
35048
35048
35048
35048
35048
35048
35048
35048
35048
35048
35048
35048
35048
35048
35048
35048
35048
35048
35048
35048
35048
35048
35048
35048
35048
35048
35048
35048
35048
35048
35048
35048
35048
35048
35048
35048
35048
35048
35048
35048
35048
35048
35048
35048
35048
35048
35048
35048
35048
35048
35048
35048
35048
35048
35048
35048
35048
35048
35048
35048
35048
35048
35048
35048
35048
35048
35048
35048
35048
35048
35048
35048
35048
35048
35048
35048
35048
35048
21640
35175
35175
35175
35175
35175
35175
35175
35175
35175
35175
35175
35175
35175
35175
35175
35175
35175
35175
35175
35175
31386
31386
31386
31386
20908
20908
2141
30513
5085
22168
35175
52975
35175
52975
2093
2093
2093
20990
20977
137
20436
20436
20436
20436
20436
20436
20436
20436
3178
12037
12037
51322
3178
12037
20436
20436
20436
20436
20436
20436
20436
20436
20436
20436
20436
20436
20436
20436
20436
20436
20436
20436
20436
20436
20436
20436
20436
20436
20436
20436
20436
20436
20436
20436
20436
20436
20436
41680
41680
41680
41680
41680
41680
41680
41680
41680
41680
41680
41680
41680
41680
41680
41680
41680
41680
41680
54193
54193
54193
54193
54193
54193
54193
54193
21068
21080
21097
42417
42417
42417
42417
42417
42417
42417
42417
42417
42417
42417
42417
42417
42417
42417
42417
3042
1689
30005
21148
22856
21148
22856
2850
21190
3151
3151
21190
3151
37138
37138
37138
35175
41680
21224
21224
21224
21224
21224
21224
21224
21224
21224
21224
21224
21224
21224
21224
21224
21224
21224
21224
21224
21224
21224
21224
21224
21224
21224
21224
21224
21224
21224
21224
21224
21224
21224
21224
21224
21224
21224
21224
21224
21224
21224
21224
21224
21224
21224
21224
21224
21224
21224
21224
21224
21224
21224
21224
21224
21224
21224
21224
21224
21224
21224
21224
21224
50474
46282
54741
54741
21287
21287
21287
21287
21287
21287
21287
21287
21287
21287
21287
21287
21287
21287
21287
21287
21287
21287
20684
20684
20684
20684
20684
28711
21300
21300
21300
9903
7013
20288
20194
21185
3379
20269
21185
3379
52885
22462
3685
3685
3685
3685
3685
3685
3685
21376
3685
3685
3487
21356
21356
21384
21384
21384
21384
21398
52978
21398
52978
21398
52978
21398
52978
21398
52978
21398
52978
21398
52978
52978
21398
52978
52978
52978
52978
52978
52978
52978
52978
52978
52978
52978
52978
52978
42285
42285
21446
21446
21446
3684
3684
3684
11253
11253
11253
11253
20421
15545
1620
1620
29863
37138
41688
20597
21527
28711
28711
28711
28711
28711
28711
28711
28711
28711
28711
28711
28711
28711
28711
28711
28711
28711
28711
28711
28711
28711
28711
28711
28711
28711
28711
21095
3954
21659
21179
20260
20260
20260
20260
20260
20260
20260
20260
20260
20260
20260
20260
20260
20260
20260
20260
20260
20260
20260
20260
41009
4062
4062
4260
4260
4260
4260
21691
21691
4163
4163
7050
781
4162
20561
21740
21740
54433
54433
54433
20587
54433
20587
54433
20587
54433
20587
54433
20587
54433
20587
54433
20587
54433
20587
54433
20587
54433
20587
54433
20587
54433
20587
54433
20587
54433
20587
54433
20587
54433
20587
4620
4620
37504
55100
1645
1645
1645
1645
1645
1645
1645
1645
841
22107
21814
21832
21832
21832
21833
21833
20421
21833
21833
20421
21849
4818
4818
4818
20288
20288
20288
21996
1869
21305
21880
21880
21880
21880
21880
21880
21880
21880
21880
21880
21880
21880
21880
21880
21880
42273
42273
21305
21305
21305
21305
21305
21305
21305
21305
21305
21305
46890
30913
21913
21913
21913
21913
21945
29908
5057
