84766
92355
84766
92355
15553
85592
85592
66093
66093
66093
66093
66093
66093
66093
75152
75152
75152
41443
14558
14558
14558
14558
13901
13901
13901
13901
13901
13901
13901
13901
13901
13901
13901
13901
13901
24109
59176
59176
59176
59176
59176
66800
66093
66093
93013
93013
93013
93013
93013
61735
61735
14593
14593
14593
90401
79363
29890
29890
29890
29890
29890
29890
29890
29890
29890
29890
29890
29890
29890
29890
29890
29890
29890
29890
59408
59408
59408
59408
59408
59408
59408
59408
59408
59408
59408
59408
49656
80112
69761
69761
69761
69761
69761
69761
69761
69761
69761
69761
69761
69761
69761
69761
69761
69761
69761
69761
69761
69761
69761
69761
69761
69761
69761
69761
69761
69761
69761
27887
85888
27887
47896
68304
47896
68304
47896
68304
47896
68304
47896
68304
47896
68304
47896
68304
47896
68304
69761
39642
65883
66093
17778
17778
29890
76221
89330
25320
25320
25320
81055
81055
81055
81055
18542
18542
18542
18542
78877
14541
89329
23393
76076
70519
70519
70519
70519
70519
70519
70519
70519
70519
70519
70519
70519
70519
70519
70519
70519
70519
70519
70519
70519
70519
70519
70519
70519
70519
70519
70519
70519
70519
70519
70519
70519
70519
70519
70519
70519
70519
70519
70519
70519
70519
70519
70519
70519
70519
70519
70519
70519
70519
70519
70519
70519
70519
70519
70519
70519
70519
70519
70519
70519
70519
70519
70519
70519
70519
70519
70519
70519
70519
70519
70519
70519
70519
70519
70519
70519
70519
70519
70519
70519
70519
70519
70519
70519
70519
70519
14889
14889
24046
12558
77481
12622
25081
75381
13928
79641
91103
79641
91103
86305
89900
89154
89154
89154
89154
89154
89154
89154
89154
89154
89154
89154
77661
77661
77661
77661
77661
86381
86381
49680
19350
19350
19350
11600
11600
89199
89199
89199
89199
89199
89199
89199
89199
89199
89199
89199
89199
89199
89199
87137
87137
92121
26403
26403
92121
64936
16851
16851
11703
11703
16851
19166
27959
27959
27959
27959
27959
27959
24328
86356
23042
11850
11850
24205
24205
34746
34746
34746
85994
35167
42906
25785
25785
25785
25785
25785
25785
25785
25785
88197
14558
14558
14558
84776
12060
12060
12060
12060
12060
12060
17144
17144
17144
14558
12369
88597
18411
77274
77274
77274
75064
86868
86868
86868
86868
86868
86868
86868
86868
86868
86868
86868
86868
86868
86868
86868
86868
86868
86868
86868
86868
86868
86868
86868
86868
86868
86868
86868
86868
12060
86868
86868
86868
86868
86868
86868
86868
86868
86868
86868
86868
86868
86868
86868
86868
86868
86868
76592
86868
86868
86868
86868
86868
86868
86868
86868
86868
86868
86868
86868
86868
86868
86868
86868
86868
86868
86868
86868
86868
86868
86868
86868
86868
86868
86868
86868
86868
86868
86868
86868
86868
86868
86868
86868
86868
86868
86868
86868
86868
86868
86868
86868
86868
86868
86868
86868
86868
86868
86868
86868
86868
86868
86868
86868
86868
86868
86868
86868
86868
86868
86868
86868
86868
86868
86868
86868
86868
86868
86868
86868
86868
86868
86868
86868
86868
86868
86868
86868
86868
86868
86868
86868
86868
86868
86868
86868
86868
86868
86868
86868
86868
86868
86868
86868
86868
86868
86868
86868
86868
86868
86868
86868
86868
86868
86868
86868
86868
86868
86868
86868
86868
86868
86868
86868
86868
86868
86868
86868
86868
86868
86868
86868
86868
86868
86868
86868
86868
86868
86868
86868
86868
86868
86868
86868
86868
86868
86868
86868
86868
86868
86868
86868
86868
86868
86868
86868
86868
86868
86868
86868
86868
86868
86868
86868
86868
86868
86868
86868
86868
86868
86868
86868
86868
86868
86868
86868
86868
86868
86868
86868
86868
86868
86868
86868
86868
86868
86868
86868
86868
86868
86868
86868
86868
86868
86868
86868
86868
86868
86868
86868
86868
86868
86868
86868
86868
86868
86868
86868
86868
86868
86868
86868
86868
86868
86868
86868
86868
86868
86868
86868
86868
86868
86868
86868
86868
86868
86868
86868
86868
86868
86868
86868
86868
18411
87033
87033
87033
87033
87033
87033
87033
87033
87033
87033
87033
87033
87033
87033
87033
87033
87033
87033
87033
87033
82775
82775
82775
82775
27828
27828
41807
81055
66181
10145
87033
92597
87033
92597
42906
42906
42906
12490
12431
66800
47896
47896
47896
47896
47896
47896
47896
47896
60986
78977
78977
91517
60986
78977
47896
47896
47896
47896
47896
47896
47896
47896
47896
47896
47896
47896
47896
47896
47896
47896
47896
47896
47896
47896
47896
47896
47896
47896
47896
47896
47896
47896
47896
47896
47896
47896
47896
89006
89006
89006
89006
89006
89006
89006
89006
89006
89006
89006
89006
89006
89006
89006
89006
89006
89006
89006
13598
13598
13598
13598
13598
13598
13598
13598
16678
12781
20415
89238
89238
89238
89238
89238
89238
89238
89238
89238
89238
89238
89238
89238
89238
89238
89238
51706
35554
85913
75076
77462
75076
77462
60097
52919
59408
59408
52919
59408
87842
87842
87842
87033
89006
69032
69032
69032
69032
69032
69032
69032
69032
69032
69032
69032
69032
69032
69032
69032
69032
69032
69032
69032
69032
69032
69032
69032
69032
69032
69032
69032
69032
69032
69032
69032
69032
69032
69032
69032
69032
69032
69032
69032
69032
69032
69032
69032
69032
69032
69032
69032
69032
69032
69032
69032
69032
69032
69032
69032
69032
69032
69032
69032
69032
69032
69032
69032
91143
90601
14465
14465
90442
90442
90442
90442
90442
90442
90442
90442
90442
90442
90442
90442
90442
90442
90442
69593
90442
90442
24205
24205
24205
24205
24205
92355
23931
23931
23931
12067
48486
65875
70332
17005
63714
69761
17005
63714
92467
77157
60442
60442
60442
60442
60442
60442
60442
22517
60442
60442
60506
13688
13688
13856
13856
13856
13856
13901
92602
13901
92602
13901
92602
13901
92602
13901
92602
13901
92602
13901
92602
92602
13901
92602
92602
92602
92602
92602
92602
92602
92602
92602
92602
92602
92602
92602
89195
89195
18163
18163
18163
64486
64486
64486
77178
77178
77178
77178
60599
85032
35044
35044
79210
87842
89014
20626
23990
92355
92355
92355
92355
92355
92355
92355
92355
92355
92355
92355
92355
92355
92355
92355
92355
92355
92355
92355
92355
92355
92355
92355
92355
92355
92355
52708
62383
72696
17478
75152
75152
75152
75152
75152
75152
75152
75152
75152
75152
75152
75152
75152
75152
75152
75152
75152
75152
75152
75152
88822
70923
70923
72726
72726
72726
72726
68144
68144
71563
71563
73809
20053
60206
49154
24563
24563
13964
13964
13964
26403
13964
26403
13964
26403
13964
26403
13964
26403
13964
26403
13964
26403
13964
26403
13964
26403
13964
26403
13964
26403
13964
26403
13964
26403
13964
26403
13964
26403
13964
26403
77730
77730
88239
15054
66157
66157
66157
66157
66157
66157
66157
66157
20694
75811
10890
17830
17830
17830
39087
39087
60599
39087
39087
60599
43553
80072
80072
80072
65875
65875
65875
75418
36469
38703
55976
55976
55976
55976
55976
55976
55976
55976
55976
55976
55976
55976
55976
55976
55976
89179
89179
38703
38703
38703
38703
38703
38703
38703
38703
38703
38703
90776
81677
21186
21186
21186
21186
27983
79363
84129
